service_id,monday,tuesday,wednesday,thursday,friday,saturday,sunday,start_date,end_date
000001,0,0,0,0,0,0,0,20201213,20211211
000002,0,0,0,0,0,0,0,20201213,20211211
000003,0,0,0,0,0,0,0,20201213,20211211
000004,0,0,0,0,0,0,0,20201213,20211211
000005,0,0,0,0,0,0,0,20201213,20211211
000006,0,0,0,0,0,0,0,20201213,20211211
000007,0,0,0,0,0,0,0,20201213,20211211
000008,0,0,0,0,0,0,0,20201213,20211211
000009,0,0,0,0,0,0,0,20201213,20211211
000010,0,0,0,0,0,0,0,20201213,20211211
000012,0,0,0,0,0,0,0,20201213,20211211
000013,0,0,0,0,0,0,0,20201213,20211211
000014,0,0,0,0,0,0,0,20201213,20211211
000016,0,0,0,0,0,0,0,20201213,20211211
000017,0,0,0,0,0,0,0,20201213,20211211
000018,0,0,0,0,0,0,0,20201213,20211211
000019,0,0,0,0,0,0,0,20201213,20211211
000020,0,0,0,0,0,0,0,20201213,20211211
000021,0,0,0,0,0,0,0,20201213,20211211
000023,0,0,0,0,0,0,0,20201213,20211211
000025,0,0,0,0,0,0,0,20201213,20211211
000026,0,0,0,0,0,0,0,20201213,20211211
000027,0,0,0,0,0,0,0,20201213,20211211
000028,0,0,0,0,0,0,0,20201213,20211211
000029,0,0,0,0,0,0,0,20201213,20211211
000030,0,0,0,0,0,0,0,20201213,20211211
000031,0,0,0,0,0,0,0,20201213,20211211
000032,0,0,0,0,0,0,0,20201213,20211211
000033,0,0,0,0,0,0,0,20201213,20211211
000034,0,0,0,0,0,0,0,20201213,20211211
000035,0,0,0,0,0,0,0,20201213,20211211
000036,0,0,0,0,0,0,0,20201213,20211211
000037,0,0,0,0,0,0,0,20201213,20211211
000038,0,0,0,0,0,0,0,20201213,20211211
000039,0,0,0,0,0,0,0,20201213,20211211
000043,0,0,0,0,0,0,0,20201213,20211211
000044,0,0,0,0,0,0,0,20201213,20211211
000045,0,0,0,0,0,0,0,20201213,20211211
000046,0,0,0,0,0,0,0,20201213,20211211
000047,0,0,0,0,0,0,0,20201213,20211211
000050,0,0,0,0,0,0,0,20201213,20211211
000051,0,0,0,0,0,0,0,20201213,20211211
000052,0,0,0,0,0,0,0,20201213,20211211
000054,0,0,0,0,0,0,0,20201213,20211211
000055,0,0,0,0,0,0,0,20201213,20211211
000056,0,0,0,0,0,0,0,20201213,20211211
000057,0,0,0,0,0,0,0,20201213,20211211
000060,0,0,0,0,0,0,0,20201213,20211211
000061,0,0,0,0,0,0,0,20201213,20211211
000067,0,0,0,0,0,0,0,20201213,20211211
000068,0,0,0,0,0,0,0,20201213,20211211
000070,0,0,0,0,0,0,0,20201213,20211211
000071,0,0,0,0,0,0,0,20201213,20211211
000072,0,0,0,0,0,0,0,20201213,20211211
000073,0,0,0,0,0,0,0,20201213,20211211
000074,0,0,0,0,0,0,0,20201213,20211211
000075,0,0,0,0,0,0,0,20201213,20211211
000076,0,0,0,0,0,0,0,20201213,20211211
000077,0,0,0,0,0,0,0,20201213,20211211
000078,0,0,0,0,0,0,0,20201213,20211211
000080,0,0,0,0,0,0,0,20201213,20211211
000081,0,0,0,0,0,0,0,20201213,20211211
000084,0,0,0,0,0,0,0,20201213,20211211
000085,0,0,0,0,0,0,0,20201213,20211211
000086,0,0,0,0,0,0,0,20201213,20211211
000087,0,0,0,0,0,0,0,20201213,20211211
000088,0,0,0,0,0,0,0,20201213,20211211
000092,0,0,0,0,0,0,0,20201213,20211211
000094,0,0,0,0,0,0,0,20201213,20211211
000095,0,0,0,0,0,0,0,20201213,20211211
000097,0,0,0,0,0,0,0,20201213,20211211
000101,0,0,0,0,0,0,0,20201213,20211211
000102,0,0,0,0,0,0,0,20201213,20211211
000104,0,0,0,0,0,0,0,20201213,20211211
000105,0,0,0,0,0,0,0,20201213,20211211
000106,0,0,0,0,0,0,0,20201213,20211211
000107,0,0,0,0,0,0,0,20201213,20211211
000108,0,0,0,0,0,0,0,20201213,20211211
000110,0,0,0,0,0,0,0,20201213,20211211
000111,0,0,0,0,0,0,0,20201213,20211211
000112,0,0,0,0,0,0,0,20201213,20211211
000113,0,0,0,0,0,0,0,20201213,20211211
000114,0,0,0,0,0,0,0,20201213,20211211
000115,0,0,0,0,0,0,0,20201213,20211211
000116,0,0,0,0,0,0,0,20201213,20211211
000119,0,0,0,0,0,0,0,20201213,20211211
000121,0,0,0,0,0,0,0,20201213,20211211
000122,0,0,0,0,0,0,0,20201213,20211211
000124,0,0,0,0,0,0,0,20201213,20211211
000126,0,0,0,0,0,0,0,20201213,20211211
000128,0,0,0,0,0,0,0,20201213,20211211
000130,0,0,0,0,0,0,0,20201213,20211211
000131,0,0,0,0,0,0,0,20201213,20211211
000134,0,0,0,0,0,0,0,20201213,20211211
000135,0,0,0,0,0,0,0,20201213,20211211
000136,0,0,0,0,0,0,0,20201213,20211211
000137,0,0,0,0,0,0,0,20201213,20211211
000138,0,0,0,0,0,0,0,20201213,20211211
000140,0,0,0,0,0,0,0,20201213,20211211
000142,0,0,0,0,0,0,0,20201213,20211211
000143,0,0,0,0,0,0,0,20201213,20211211
000144,0,0,0,0,0,0,0,20201213,20211211
000145,0,0,0,0,0,0,0,20201213,20211211
000149,0,0,0,0,0,0,0,20201213,20211211
000152,0,0,0,0,0,0,0,20201213,20211211
000153,0,0,0,0,0,0,0,20201213,20211211
000154,0,0,0,0,0,0,0,20201213,20211211
000156,0,0,0,0,0,0,0,20201213,20211211
000163,0,0,0,0,0,0,0,20201213,20211211
000166,0,0,0,0,0,0,0,20201213,20211211
000167,0,0,0,0,0,0,0,20201213,20211211
000168,0,0,0,0,0,0,0,20201213,20211211
000169,0,0,0,0,0,0,0,20201213,20211211
000170,0,0,0,0,0,0,0,20201213,20211211
000171,0,0,0,0,0,0,0,20201213,20211211
000172,0,0,0,0,0,0,0,20201213,20211211
000175,0,0,0,0,0,0,0,20201213,20211211
000176,0,0,0,0,0,0,0,20201213,20211211
000177,0,0,0,0,0,0,0,20201213,20211211
000178,0,0,0,0,0,0,0,20201213,20211211
000188,0,0,0,0,0,0,0,20201213,20211211
000189,0,0,0,0,0,0,0,20201213,20211211
000190,0,0,0,0,0,0,0,20201213,20211211
000191,0,0,0,0,0,0,0,20201213,20211211
000192,0,0,0,0,0,0,0,20201213,20211211
000193,0,0,0,0,0,0,0,20201213,20211211
000196,0,0,0,0,0,0,0,20201213,20211211
000197,0,0,0,0,0,0,0,20201213,20211211
000198,0,0,0,0,0,0,0,20201213,20211211
000199,0,0,0,0,0,0,0,20201213,20211211
000200,0,0,0,0,0,0,0,20201213,20211211
000201,0,0,0,0,0,0,0,20201213,20211211
000202,0,0,0,0,0,0,0,20201213,20211211
000204,0,0,0,0,0,0,0,20201213,20211211
000206,0,0,0,0,0,0,0,20201213,20211211
000208,0,0,0,0,0,0,0,20201213,20211211
000209,0,0,0,0,0,0,0,20201213,20211211
000210,0,0,0,0,0,0,0,20201213,20211211
000211,0,0,0,0,0,0,0,20201213,20211211
000213,0,0,0,0,0,0,0,20201213,20211211
000214,0,0,0,0,0,0,0,20201213,20211211
000215,0,0,0,0,0,0,0,20201213,20211211
000216,0,0,0,0,0,0,0,20201213,20211211
000217,0,0,0,0,0,0,0,20201213,20211211
000219,0,0,0,0,0,0,0,20201213,20211211
000221,0,0,0,0,0,0,0,20201213,20211211
000222,0,0,0,0,0,0,0,20201213,20211211
000223,0,0,0,0,0,0,0,20201213,20211211
000225,0,0,0,0,0,0,0,20201213,20211211
000226,0,0,0,0,0,0,0,20201213,20211211
000227,0,0,0,0,0,0,0,20201213,20211211
000228,0,0,0,0,0,0,0,20201213,20211211
000229,0,0,0,0,0,0,0,20201213,20211211
000230,0,0,0,0,0,0,0,20201213,20211211
000231,0,0,0,0,0,0,0,20201213,20211211
000232,0,0,0,0,0,0,0,20201213,20211211
000233,0,0,0,0,0,0,0,20201213,20211211
000234,0,0,0,0,0,0,0,20201213,20211211
000235,0,0,0,0,0,0,0,20201213,20211211
000236,0,0,0,0,0,0,0,20201213,20211211
000237,0,0,0,0,0,0,0,20201213,20211211
000239,0,0,0,0,0,0,0,20201213,20211211
000240,0,0,0,0,0,0,0,20201213,20211211
000241,0,0,0,0,0,0,0,20201213,20211211
000242,0,0,0,0,0,0,0,20201213,20211211
000244,0,0,0,0,0,0,0,20201213,20211211
000246,0,0,0,0,0,0,0,20201213,20211211
000249,0,0,0,0,0,0,0,20201213,20211211
000250,0,0,0,0,0,0,0,20201213,20211211
000251,0,0,0,0,0,0,0,20201213,20211211
000252,0,0,0,0,0,0,0,20201213,20211211
000253,0,0,0,0,0,0,0,20201213,20211211
000256,0,0,0,0,0,0,0,20201213,20211211
000257,0,0,0,0,0,0,0,20201213,20211211
000258,0,0,0,0,0,0,0,20201213,20211211
000259,0,0,0,0,0,0,0,20201213,20211211
000261,0,0,0,0,0,0,0,20201213,20211211
000262,0,0,0,0,0,0,0,20201213,20211211
000273,0,0,0,0,0,0,0,20201213,20211211
000274,0,0,0,0,0,0,0,20201213,20211211
000275,0,0,0,0,0,0,0,20201213,20211211
000287,0,0,0,0,0,0,0,20201213,20211211
000289,0,0,0,0,0,0,0,20201213,20211211
000297,0,0,0,0,0,0,0,20201213,20211211
000334,0,0,0,0,0,0,0,20201213,20211211
000342,0,0,0,0,0,0,0,20201213,20211211
000343,0,0,0,0,0,0,0,20201213,20211211
000345,0,0,0,0,0,0,0,20201213,20211211
000346,0,0,0,0,0,0,0,20201213,20211211
000348,0,0,0,0,0,0,0,20201213,20211211
000358,0,0,0,0,0,0,0,20201213,20211211
000359,0,0,0,0,0,0,0,20201213,20211211
000361,0,0,0,0,0,0,0,20201213,20211211
000363,0,0,0,0,0,0,0,20201213,20211211
000373,0,0,0,0,0,0,0,20201213,20211211
000376,0,0,0,0,0,0,0,20201213,20211211
000421,0,0,0,0,0,0,0,20201213,20211211
000440,0,0,0,0,0,0,0,20201213,20211211
000442,0,0,0,0,0,0,0,20201213,20211211
000469,0,0,0,0,0,0,0,20201213,20211211
000473,0,0,0,0,0,0,0,20201213,20211211
000475,0,0,0,0,0,0,0,20201213,20211211
000480,0,0,0,0,0,0,0,20201213,20211211
000481,0,0,0,0,0,0,0,20201213,20211211
000508,0,0,0,0,0,0,0,20201213,20211211
000552,0,0,0,0,0,0,0,20201213,20211211
000571,0,0,0,0,0,0,0,20201213,20211211
000603,0,0,0,0,0,0,0,20201213,20211211
000610,0,0,0,0,0,0,0,20201213,20211211
000635,0,0,0,0,0,0,0,20201213,20211211
000677,0,0,0,0,0,0,0,20201213,20211211
000684,0,0,0,0,0,0,0,20201213,20211211
000711,0,0,0,0,0,0,0,20201213,20211211
000805,0,0,0,0,0,0,0,20201213,20211211
000829,0,0,0,0,0,0,0,20201213,20211211
000870,0,0,0,0,0,0,0,20201213,20211211
000952,0,0,0,0,0,0,0,20201213,20211211
001030,0,0,0,0,0,0,0,20201213,20211211
001158,0,0,0,0,0,0,0,20201213,20211211
001159,0,0,0,0,0,0,0,20201213,20211211
001184,0,0,0,0,0,0,0,20201213,20211211
001255,0,0,0,0,0,0,0,20201213,20211211
001310,0,0,0,0,0,0,0,20201213,20211211
001353,0,0,0,0,0,0,0,20201213,20211211
001395,0,0,0,0,0,0,0,20201213,20211211
001396,0,0,0,0,0,0,0,20201213,20211211
001400,0,0,0,0,0,0,0,20201213,20211211
001402,0,0,0,0,0,0,0,20201213,20211211
001409,0,0,0,0,0,0,0,20201213,20211211
001410,0,0,0,0,0,0,0,20201213,20211211
001422,0,0,0,0,0,0,0,20201213,20211211
001424,0,0,0,0,0,0,0,20201213,20211211
001453,0,0,0,0,0,0,0,20201213,20211211
001698,0,0,0,0,0,0,0,20201213,20211211
001703,0,0,0,0,0,0,0,20201213,20211211
001708,0,0,0,0,0,0,0,20201213,20211211
001713,0,0,0,0,0,0,0,20201213,20211211
001728,0,0,0,0,0,0,0,20201213,20211211
001826,0,0,0,0,0,0,0,20201213,20211211
001828,0,0,0,0,0,0,0,20201213,20211211
001843,0,0,0,0,0,0,0,20201213,20211211
001846,0,0,0,0,0,0,0,20201213,20211211
001949,0,0,0,0,0,0,0,20201213,20211211
001972,0,0,0,0,0,0,0,20201213,20211211
001973,0,0,0,0,0,0,0,20201213,20211211
001975,0,0,0,0,0,0,0,20201213,20211211
001976,0,0,0,0,0,0,0,20201213,20211211
002095,0,0,0,0,0,0,0,20201213,20211211
002096,0,0,0,0,0,0,0,20201213,20211211
002113,0,0,0,0,0,0,0,20201213,20211211
002120,0,0,0,0,0,0,0,20201213,20211211
002125,0,0,0,0,0,0,0,20201213,20211211
002126,0,0,0,0,0,0,0,20201213,20211211
002127,0,0,0,0,0,0,0,20201213,20211211
002142,0,0,0,0,0,0,0,20201213,20211211
002238,0,0,0,0,0,0,0,20201213,20211211
002280,0,0,0,0,0,0,0,20201213,20211211
002433,0,0,0,0,0,0,0,20201213,20211211
002514,0,0,0,0,0,0,0,20201213,20211211
002526,0,0,0,0,0,0,0,20201213,20211211
002738,0,0,0,0,0,0,0,20201213,20211211
002843,0,0,0,0,0,0,0,20201213,20211211
002863,0,0,0,0,0,0,0,20201213,20211211
003002,0,0,0,0,0,0,0,20201213,20211211
003003,0,0,0,0,0,0,0,20201213,20211211
003017,0,0,0,0,0,0,0,20201213,20211211
003018,0,0,0,0,0,0,0,20201213,20211211
003027,0,0,0,0,0,0,0,20201213,20211211
003028,0,0,0,0,0,0,0,20201213,20211211
003029,0,0,0,0,0,0,0,20201213,20211211
003030,0,0,0,0,0,0,0,20201213,20211211
003031,0,0,0,0,0,0,0,20201213,20211211
003032,0,0,0,0,0,0,0,20201213,20211211
003033,0,0,0,0,0,0,0,20201213,20211211
003034,0,0,0,0,0,0,0,20201213,20211211
003043,0,0,0,0,0,0,0,20201213,20211211
003090,0,0,0,0,0,0,0,20201213,20211211
003135,0,0,0,0,0,0,0,20201213,20211211
003137,0,0,0,0,0,0,0,20201213,20211211
003138,0,0,0,0,0,0,0,20201213,20211211
003140,0,0,0,0,0,0,0,20201213,20211211
003141,0,0,0,0,0,0,0,20201213,20211211
003143,0,0,0,0,0,0,0,20201213,20211211
003144,0,0,0,0,0,0,0,20201213,20211211
003145,0,0,0,0,0,0,0,20201213,20211211
003146,0,0,0,0,0,0,0,20201213,20211211
003147,0,0,0,0,0,0,0,20201213,20211211
003148,0,0,0,0,0,0,0,20201213,20211211
003149,0,0,0,0,0,0,0,20201213,20211211
003150,0,0,0,0,0,0,0,20201213,20211211
003151,0,0,0,0,0,0,0,20201213,20211211
003152,0,0,0,0,0,0,0,20201213,20211211
003155,0,0,0,0,0,0,0,20201213,20211211
003156,0,0,0,0,0,0,0,20201213,20211211
003157,0,0,0,0,0,0,0,20201213,20211211
003158,0,0,0,0,0,0,0,20201213,20211211
003159,0,0,0,0,0,0,0,20201213,20211211
003162,0,0,0,0,0,0,0,20201213,20211211
003163,0,0,0,0,0,0,0,20201213,20211211
003166,0,0,0,0,0,0,0,20201213,20211211
003167,0,0,0,0,0,0,0,20201213,20211211
003168,0,0,0,0,0,0,0,20201213,20211211
003169,0,0,0,0,0,0,0,20201213,20211211
003170,0,0,0,0,0,0,0,20201213,20211211
003171,0,0,0,0,0,0,0,20201213,20211211
003172,0,0,0,0,0,0,0,20201213,20211211
003173,0,0,0,0,0,0,0,20201213,20211211
003175,0,0,0,0,0,0,0,20201213,20211211
003176,0,0,0,0,0,0,0,20201213,20211211
003177,0,0,0,0,0,0,0,20201213,20211211
003178,0,0,0,0,0,0,0,20201213,20211211
003179,0,0,0,0,0,0,0,20201213,20211211
003180,0,0,0,0,0,0,0,20201213,20211211
003181,0,0,0,0,0,0,0,20201213,20211211
003182,0,0,0,0,0,0,0,20201213,20211211
003183,0,0,0,0,0,0,0,20201213,20211211
003184,0,0,0,0,0,0,0,20201213,20211211
003185,0,0,0,0,0,0,0,20201213,20211211
003186,0,0,0,0,0,0,0,20201213,20211211
003188,0,0,0,0,0,0,0,20201213,20211211
003189,0,0,0,0,0,0,0,20201213,20211211
003190,0,0,0,0,0,0,0,20201213,20211211
003191,0,0,0,0,0,0,0,20201213,20211211
003192,0,0,0,0,0,0,0,20201213,20211211
003193,0,0,0,0,0,0,0,20201213,20211211
003198,0,0,0,0,0,0,0,20201213,20211211
003209,0,0,0,0,0,0,0,20201213,20211211
003210,0,0,0,0,0,0,0,20201213,20211211
003229,0,0,0,0,0,0,0,20201213,20211211
003230,0,0,0,0,0,0,0,20201213,20211211
003231,0,0,0,0,0,0,0,20201213,20211211
003233,0,0,0,0,0,0,0,20201213,20211211
003234,0,0,0,0,0,0,0,20201213,20211211
003236,0,0,0,0,0,0,0,20201213,20211211
003238,0,0,0,0,0,0,0,20201213,20211211
003239,0,0,0,0,0,0,0,20201213,20211211
003241,0,0,0,0,0,0,0,20201213,20211211
003243,0,0,0,0,0,0,0,20201213,20211211
003245,0,0,0,0,0,0,0,20201213,20211211
003246,0,0,0,0,0,0,0,20201213,20211211
003247,0,0,0,0,0,0,0,20201213,20211211
003249,0,0,0,0,0,0,0,20201213,20211211
003253,0,0,0,0,0,0,0,20201213,20211211
003255,0,0,0,0,0,0,0,20201213,20211211
003256,0,0,0,0,0,0,0,20201213,20211211
003257,0,0,0,0,0,0,0,20201213,20211211
003264,0,0,0,0,0,0,0,20201213,20211211
003267,0,0,0,0,0,0,0,20201213,20211211
003268,0,0,0,0,0,0,0,20201213,20211211
003269,0,0,0,0,0,0,0,20201213,20211211
003270,0,0,0,0,0,0,0,20201213,20211211
003283,0,0,0,0,0,0,0,20201213,20211211
003294,0,0,0,0,0,0,0,20201213,20211211
003296,0,0,0,0,0,0,0,20201213,20211211
003297,0,0,0,0,0,0,0,20201213,20211211
003299,0,0,0,0,0,0,0,20201213,20211211
003300,0,0,0,0,0,0,0,20201213,20211211
003301,0,0,0,0,0,0,0,20201213,20211211
003306,0,0,0,0,0,0,0,20201213,20211211
003307,0,0,0,0,0,0,0,20201213,20211211
003308,0,0,0,0,0,0,0,20201213,20211211
003318,0,0,0,0,0,0,0,20201213,20211211
003320,0,0,0,0,0,0,0,20201213,20211211
003321,0,0,0,0,0,0,0,20201213,20211211
003336,0,0,0,0,0,0,0,20201213,20211211
003339,0,0,0,0,0,0,0,20201213,20211211
003341,0,0,0,0,0,0,0,20201213,20211211
003344,0,0,0,0,0,0,0,20201213,20211211
003345,0,0,0,0,0,0,0,20201213,20211211
003346,0,0,0,0,0,0,0,20201213,20211211
003347,0,0,0,0,0,0,0,20201213,20211211
003354,0,0,0,0,0,0,0,20201213,20211211
003355,0,0,0,0,0,0,0,20201213,20211211
003356,0,0,0,0,0,0,0,20201213,20211211
003357,0,0,0,0,0,0,0,20201213,20211211
003359,0,0,0,0,0,0,0,20201213,20211211
003360,0,0,0,0,0,0,0,20201213,20211211
003361,0,0,0,0,0,0,0,20201213,20211211
003389,0,0,0,0,0,0,0,20201213,20211211
003396,0,0,0,0,0,0,0,20201213,20211211
003397,0,0,0,0,0,0,0,20201213,20211211
003410,0,0,0,0,0,0,0,20201213,20211211
003411,0,0,0,0,0,0,0,20201213,20211211
003414,0,0,0,0,0,0,0,20201213,20211211
003416,0,0,0,0,0,0,0,20201213,20211211
003418,0,0,0,0,0,0,0,20201213,20211211
003421,0,0,0,0,0,0,0,20201213,20211211
003424,0,0,0,0,0,0,0,20201213,20211211
003426,0,0,0,0,0,0,0,20201213,20211211
003427,0,0,0,0,0,0,0,20201213,20211211
003429,0,0,0,0,0,0,0,20201213,20211211
003434,0,0,0,0,0,0,0,20201213,20211211
003435,0,0,0,0,0,0,0,20201213,20211211
003437,0,0,0,0,0,0,0,20201213,20211211
003438,0,0,0,0,0,0,0,20201213,20211211
003439,0,0,0,0,0,0,0,20201213,20211211
003450,0,0,0,0,0,0,0,20201213,20211211
003451,0,0,0,0,0,0,0,20201213,20211211
003452,0,0,0,0,0,0,0,20201213,20211211
003453,0,0,0,0,0,0,0,20201213,20211211
003454,0,0,0,0,0,0,0,20201213,20211211
003456,0,0,0,0,0,0,0,20201213,20211211
003471,0,0,0,0,0,0,0,20201213,20211211
003474,0,0,0,0,0,0,0,20201213,20211211
003654,0,0,0,0,0,0,0,20201213,20211211
003959,0,0,0,0,0,0,0,20201213,20211211
004151,0,0,0,0,0,0,0,20201213,20211211
004240,0,0,0,0,0,0,0,20201213,20211211
007691,0,0,0,0,0,0,0,20201213,20211211
008028,0,0,0,0,0,0,0,20201213,20211211
008029,0,0,0,0,0,0,0,20201213,20211211
008065,0,0,0,0,0,0,0,20201213,20211211
008066,0,0,0,0,0,0,0,20201213,20211211
008067,0,0,0,0,0,0,0,20201213,20211211
008530,0,0,0,0,0,0,0,20201213,20211211
008532,0,0,0,0,0,0,0,20201213,20211211
008533,0,0,0,0,0,0,0,20201213,20211211
008577,0,0,0,0,0,0,0,20201213,20211211
008580,0,0,0,0,0,0,0,20201213,20211211
008581,0,0,0,0,0,0,0,20201213,20211211
008588,0,0,0,0,0,0,0,20201213,20211211
008591,0,0,0,0,0,0,0,20201213,20211211
008593,0,0,0,0,0,0,0,20201213,20211211
008594,0,0,0,0,0,0,0,20201213,20211211
008595,0,0,0,0,0,0,0,20201213,20211211
008597,0,0,0,0,0,0,0,20201213,20211211
008600,0,0,0,0,0,0,0,20201213,20211211
008605,0,0,0,0,0,0,0,20201213,20211211
008606,0,0,0,0,0,0,0,20201213,20211211
008607,0,0,0,0,0,0,0,20201213,20211211
008608,0,0,0,0,0,0,0,20201213,20211211
008609,0,0,0,0,0,0,0,20201213,20211211
008611,0,0,0,0,0,0,0,20201213,20211211
008612,0,0,0,0,0,0,0,20201213,20211211
008616,0,0,0,0,0,0,0,20201213,20211211
008618,0,0,0,0,0,0,0,20201213,20211211
008623,0,0,0,0,0,0,0,20201213,20211211
008626,0,0,0,0,0,0,0,20201213,20211211
008627,0,0,0,0,0,0,0,20201213,20211211
008628,0,0,0,0,0,0,0,20201213,20211211
009460,0,0,0,0,0,0,0,20201213,20211211
000000,0,0,0,0,0,0,0,20201213,20211211
